4 4 7 
8 7 -4 
-2 3 4 

2 6 -5 
-1 6 4 
7 3 -6 

-3 5 4 
0 6 9 
-4 -4 -3 


0 6 -3 
0 5 0 
-2 -4 6 

9 7 0 
1 5 1 
4 -3 2 

2 6 8 
9 4 -3 
-4 4 3 


6 -6 -1 
-5 1 3 
8 2 1 

-6 1 4 
5 -2 5 
0 1 0 

0 3 1 
1 8 -6 
-2 2 2 


-6 0 -2 
0 -2 5 
5 6 8 

-2 -1 9 
2 8 -2 
-4 6 2 

-5 1 7 
8 2 4 
3 -3 -6 


5 1 6 
1 -5 4 
-5 -4 7 

-2 4 0 
4 6 2 
7 3 0 

8 3 8 
5 -3 8 
9 8 6 


2 7 6 
1 -6 2 
0 -5 -3 

5 -1 -4 
7 -4 5 
3 3 -4 

2 0 3 
9 3 -5 
-5 6 -3 


2 7 1 
-4 7 2 
2 -5 0 

-2 3 1 
-2 -5 9 
5 -2 2 

-5 5 1 
1 4 9 
4 5 -6 


-4 8 9 
6 4 5 
0 0 5 

1 0 9 
2 -1 3 
5 0 7 

-4 8 7 
4 -5 -1 
-3 -3 -4 


