0000000011101100 0000000010010010 0000001001001111 0000000110101000 0000000110000010 0000000110000101 0000000100011011 0000001011111000 0000001001110100 0000001011111011 0000001000110110 0000001000010111 0000000101101101 0000001001100010 0000000110100011 0000000001010100 
0000000010001001 0000000101101000 0000001011000011 0000001001010110 0000001110011111 0000001110001110 0000001101101100 0000010001111011 0000010011101011 0000010001111110 0000010001001101 0000001110100110 0000001101011101 0000001010000111 0000000101101110 0000000010110001 
0000000101000110 0000001100100101 0000001110001011 0000010000011011 0000001111111011 0000010001101100 0000011001111010 0000011000010000 0000011110111100 0000011010010011 0000010111011010 0000010100000100 0000010011100000 0000010101001111 0000001111111001 0000000110100101 
0000000001110111 0000001001010011 0000010001101101 0000010100010011 0000010110010010 0000010101100011 0000010101101101 0000010101001101 0000010100110001 0000010011111010 0000010110111110 0000010101001111 0000010001010001 0000001110000000 0000001101101101 0000000011111111 
0000000100011110 0000001100110001 0000010011011100 0000010000010010 0000010101101101 0000011000101000 0000010110011011 0000001111110010 0000001111001110 0000010011001100 0000001111110001 0000010001011100 0000010110001101 0000011010010011 0000010001011110 0000000110001111 
0000000101000010 0000001111101010 0000010101100011 0000010001101010 0000010011101111 0000011011011001 0000010100101101 0000001110001101 0000001111010000 0000001010100001 0000010111000101 0000011010010110 0000011001000110 0000011000010001 0000010000011101 0000001000010010 
0000000110000111 0000001111100100 0000010101101100 0000010011110101 0000010111010011 0000011100100001 0000010111010100 0000010101000001 0000001111011010 0000001001000100 0000010000110011 0000010001001000 0000011001010100 0000011000111011 0000010011110110 0000001000011101 
0000000111101100 0000010010000000 0000010011010110 0000010000000000 0000010011000111 0000010101000100 0000010111001110 0000010011010001 0000010100000100 0000001111011101 0000011011001100 0000010110000011 0000010010100110 0000010111000010 0000001101100011 0000000111011111 
0000000100100111 0000010000101010 0000010100101010 0000010000111100 0000001111010101 0000010110000000 0000011000001111 0000011001101101 0000011010010101 0000011001100100 0000010111000101 0000010011110110 0000010011000101 0000010101101000 0000001101011001 0000000110111010 
0000000101011111 0000001010111110 0000010010010101 0000001111101110 0000001111011111 0000010000110110 0000010100110110 0000011001100100 0000010111010111 0000011010100011 0000010000111110 0000010010000111 0000001111100001 0000010000011110 0000001110100111 0000000111100000 
0000000110111011 0000001110100000 0000010101100001 0000010100011011 0000010000111011 0000001100111011 0000010110111010 0000011000100111 0000011001010101 0000010101010111 0000011010101011 0000011011000110 0000010000000010 0000010010100010 0000001100110001 0000001001011110 
0000000101010011 0000001001100011 0000010101001010 0000010101010011 0000010100001010 0000001011101111 0000010101010111 0000010101001111 0000010110001001 0000010010000101 0000010100101010 0000010101101101 0000010110000010 0000010010111110 0000001011001101 0000000111100010 
0000000111101111 0000001110100010 0000010011100100 0000001111000011 0000010010001110 0000001011001111 0000010001100111 0000010111001110 0000010100000111 0000011000110000 0000010100111011 0000010110011011 0000011000100110 0000010011101010 0000001110111111 0000000100011000 
0000000100101101 0000001010111110 0000001110110000 0000010000111011 0000010100010110 0000011001100000 0000010111111111 0000011000111100 0000010001010010 0000010110111110 0000011000101111 0000011000001111 0000001110101011 0000001110100100 0000001011100100 0000000100010000 
0000000110111010 0000001000101110 0000001010110111 0000001011000110 0000000111111010 0000001100001110 0000001010111000 0000001011010111 0000001110010011 0000010000011100 0000010001100001 0000001101011011 0000001011101010 0000001001001000 0000000010001010 0000000000101100 
0000000100000100 0000000011100001 0000000101100111 0000000110110101 0000001010011101 0000001101110001 0000001101110010 0000001001001100 0000000110011111 0000000010110001 0000001001010111 0000001000110000 0000000111000100 0000000110110101 0000000111000100 0000000001100100 

0000000001111101 0000000010001111 0000000011011110 0000000000110100 0000000010000000 0000000010111011 0000000010011100 0000000100101010 0000000011110111 0000000011110110 0000000010001001 0000000011011110 0000000010000000 0000000010110100 0000000000111110 0000000001010111 
0000000010010111 0000000110010000 0000000110010100 0000001000110010 0000000100100100 0000001000000011 0000001011011110 0000001010001001 0000001101101011 0000001010101000 0000001010101011 0000000101101001 0000001001001011 0000000110000110 0000000011101100 0000000001011001 
0000000001111000 0000000100011100 0000001000000100 0000001101100000 0000001011000011 0000001101010000 0000001101100111 0000001110100100 0000010001001011 0000010010001100 0000001111101111 0000001100110001 0000001101001110 0000001000011001 0000000110011110 0000000000110010 
0000000010111001 0000000110011010 0000001000001011 0000000111001100 0000001110101000 0000001001100111 0000001010000001 0000001010100110 0000001111010001 0000010001110000 0000001100001011 0000001110000010 0000001111101101 0000001011000101 0000000110000000 0000000011001001 
0000000101000000 0000000101111101 0000001010101101 0000001011000010 0000001110101101 0000001100001011 0000001100011011 0000000111101110 0000001010001100 0000001000101111 0000001100001101 0000001100100101 0000001101010101 0000001100110100 0000001000111010 0000000011101000 
0000000100011111 0000000111001000 0000001110010100 0000001111000110 0000001101101111 0000010010101110 0000001011011101 0000001010111010 0000000101011110 0000000110111011 0000001100011110 0000001100100000 0000001100011100 0000001011110111 0000001011100100 0000000010110010 
0000000100011110 0000001000010111 0000000111010010 0000001100001001 0000001101100110 0000010000101111 0000010000001011 0000001011001100 0000000101110101 0000001010100000 0000001101000011 0000001111111001 0000001110011101 0000010011000101 0000001001000101 0000000100000011 
0000000101010000 0000001000111011 0000001010111010 0000000110100100 0000001101001100 0000001110011101 0000010010011011 0000001000100100 0000001011111100 0000001010110101 0000001100111101 0000001101101101 0000001101100001 0000001111110111 0000001001011010 0000000100001111 
0000000101101101 0000000110010011 0000001111000100 0000001000010001 0000001000001011 0000001000111110 0000001111111000 0000001110000101 0000001111111010 0000001110011110 0000001010010110 0000001110001110 0000001011001010 0000001010011110 0000001010010001 0000000011101100 
0000000100101110 0000000110111000 0000001010110000 0000001011101000 0000001010010101 0000001000110011 0000001011100011 0000001111100100 0000001101100001 0000001101110110 0000001100001110 0000001110101101 0000001010011100 0000001010110100 0000000111010010 0000000010101001 
0000000101101001 0000000111110001 0000001010010111 0000001011011000 0000001101110110 0000000111000101 0000001101110111 0000001101100100 0000001110001111 0000001001000101 0000001001111110 0000001011000101 0000001101100111 0000001110110101 0000001010000110 0000000011000001 
0000000100011011 0000001010001010 0000001010001100 0000001001111000 0000001011111100 0000001001011111 0000001100000011 0000010000110010 0000001001100010 0000001011000001 0000001011011100 0000001100000111 0000001101001000 0000001010010100 0000001000000100 0000000011000110 
0000000010010010 0000001100000100 0000001001011010 0000001011111100 0000000110100001 0000001010101011 0000001011010100 0000010011010001 0000001001101110 0000001111010100 0000001111010101 0000001110100000 0000001010000110 0000001001001111 0000000101101110 0000000000111000 
0000000011000010 0000000101100101 0000001110101100 0000001011010110 0000000111011100 0000001010110001 0000001110001000 0000001011110011 0000010010001000 0000001100001110 0000001101111101 0000001100110010 0000001101100100 0000001001010111 0000000101000000 0000000011000000 
0000000001110101 0000000100100100 0000000111100010 0000001000001110 0000001001010110 0000001011110111 0000001011110111 0000001000001110 0000001011000100 0000000111011111 0000001100111010 0000001101010011 0000001001110001 0000000100110111 0000000110000010 0000000001110000 
0000000000000000 0000000101001001 0000000000100000 0000000011100111 0000000110001000 0000000111001011 0000000111000100 0000000100111100 0000000000000000 0000000011101101 0000000100100111 0000000101100110 0000000001000101 0000000011011110 0000000011111011 0000000000000000 

