368,621,886,638,882,835,1137,1264,885,688,565,929,595,985,793,1048,813,880,762,710,649,615,525,698,970,980,1025,934,914,768,727,905,783,791,571,597,316,484,687,598,226,351,635,745,524,521,725,796,673,371,453,302,518,571,773,839,1002,827,1013,999,606,640,645,861,511,322,
465,1051,1381,1195,1403,1076,1331,1251,1136,999,1280,1255,1019,1243,1066,1338,1383,1431,974,762,566,736,1078,1086,1138,1375,1457,1382,1416,827,870,1222,1195,918,914,1046,648,691,1152,661,718,939,1204,1351,932,1034,916,1291,823,1040,969,787,1138,1350,1253,1364,1350,1259,1411,1157,1063,890,952,821,490,58,
966,1376,2123,1498,1713,1695,1726,1953,1633,1806,1887,2038,1714,1972,1712,1906,2070,1429,1533,1283,1354,1511,1353,1378,1749,1924,1793,2088,1713,1318,1322,1523,1568,1585,1368,1248,1095,1245,1811,1388,1237,891,1348,1530,1676,1421,1624,2198,2020,1873,1362,1206,1407,1585,2050,1773,1970,1741,1505,1563,1451,1161,1429,1733,1035,476,
818,1454,1658,1267,1749,1773,1851,1296,1473,1950,1879,1821,1296,1528,1750,1896,1802,1663,1560,1266,1496,1082,1963,1995,2056,1808,1325,2145,1563,1791,1529,1559,1775,1922,1428,1529,1449,1602,1900,1794,1293,1126,1493,1726,1840,1265,1465,1758,1463,1759,1314,1836,1789,1784,1832,1825,1784,1719,1662,1790,1259,1567,1501,1661,964,364,
737,1277,1507,1532,910,1266,1094,1373,1670,1384,1981,1736,1836,1675,1828,1654,1553,1517,1324,2064,1623,1297,1052,1623,1766,1764,1259,1499,1357,1832,1194,1384,1621,1892,1441,974,1153,1199,1817,1532,1251,1314,1110,1435,1714,1463,1448,1721,1906,1706,1273,1546,1743,1449,1734,1549,1875,1618,1836,1754,1410,1553,1131,1874,1044,511,
521,1280,1734,1295,1416,1483,1461,1619,1774,1564,1599,1483,1416,1723,1524,1918,1555,1811,1391,1676,1378,1625,1519,1606,2047,1720,1806,1785,1614,1645,1951,1649,1809,1700,1903,1537,1164,1762,1496,1598,1328,1264,1206,1089,1179,864,971,1354,1328,1492,1674,1505,1442,1856,1789,1510,1836,1579,1430,1782,1336,1513,1883,1740,1194,518,
378,880,1348,1201,1484,1018,1361,1218,1888,2285,1907,1960,1652,1711,1641,1497,1708,1721,1718,1809,1603,1166,1310,1405,1979,1703,1474,1268,1144,1185,1467,1842,1927,1867,1896,1032,960,1449,1128,1217,1028,1358,1768,1728,1566,1600,913,1485,1605,2011,2281,1621,1412,1369,1221,1258,1588,1618,1463,1770,1829,1776,2031,1354,1177,473,
614,1215,1550,1964,1606,1503,1644,1730,1773,2286,1455,1524,1683,1560,1591,1498,1702,1612,1605,1767,1843,1681,1548,1872,1821,1792,2154,1681,1890,1331,1575,1938,2016,1631,1086,1171,1611,1272,1496,1148,1381,1526,1467,1617,1618,1516,914,1331,1432,1823,2113,2277,1824,1484,1226,1800,1658,1918,1430,1346,1801,1848,1758,2300,1237,466,
765,1134,1176,1792,1551,1276,1331,1326,1790,2264,1952,1907,1712,1783,1507,1466,1501,1708,2090,2132,1976,1646,1807,1598,1970,1165,1879,1373,1712,1493,1721,1684,2197,1818,1412,1506,1404,1540,1630,1728,1948,1829,1941,1582,1938,1627,1755,1858,1807,1881,2043,1518,1913,1402,1473,1535,1617,1778,1477,1436,1331,1416,1845,1788,1148,342,
553,1386,1423,1421,1553,1186,1462,1714,1947,2262,1908,1600,1172,1801,1502,1567,1047,1452,1784,2030,1999,1839,1716,1547,1498,1450,1778,2079,1903,1843,2025,1764,2140,1706,630,1180,1206,1246,1584,1370,1804,1694,2068,1399,1539,1367,1551,1764,1574,1529,1899,1557,2123,2133,1864,1683,1542,1896,1592,1715,1233,1417,1205,1149,850,414,
357,1058,1437,1731,2081,1664,1486,1850,1650,1903,1804,1209,1625,1960,2067,1559,1056,1427,1791,1529,2046,1008,1671,1206,1938,1378,1374,1404,1601,1535,1891,2100,2024,1779,1746,1611,1798,1796,1549,1589,1600,1552,1443,1628,1265,1534,1383,2037,1921,2019,1964,1629,1742,1737,2007,1778,1594,1600,1470,1233,1083,883,1179,1474,897,301,
358,900,1697,1511,1232,1402,1322,1672,1669,1649,2033,1410,1386,1402,1811,1548,1284,1165,1327,1710,1368,1323,1372,1486,1680,1891,1540,1431,1942,1789,1819,1767,1498,1584,1317,1430,1653,1699,1578,1884,1563,1118,1350,1649,1668,1051,991,1276,1483,1629,1591,2003,1917,2177,2228,1782,1563,1439,1668,1258,1446,1051,986,1270,886,367,
72,569,1592,1733,1859,1677,1767,1609,1314,1660,1724,1524,1759,2024,1855,1772,1599,1139,1744,1810,1733,1507,1697,1623,1529,1834,1221,1355,1574,1539,1758,1320,1546,1248,1861,2041,1559,1278,1478,1580,1941,2246,1749,1460,1699,1092,1539,1509,1806,1577,1897,1494,2095,1625,1239,1126,1168,1293,1538,1276,1056,1154,1754,1750,1219,330,
229,668,1486,1360,893,1276,1550,1343,1861,1890,2190,1944,1971,1679,2113,1584,1516,1351,1594,1726,1234,1420,1470,1809,2067,1759,1582,1420,1610,1560,1872,1320,1238,1511,1804,1589,1615,1438,1632,2104,1876,1746,1690,1566,1836,2088,1478,1524,1397,1641,1422,1625,1662,1920,1719,1944,1396,1492,1399,1464,1237,1542,1311,1221,823,163,
397,617,1446,1163,978,1570,1571,1711,1508,1483,1632,1762,1942,1654,1880,1654,1533,1213,1639,1729,1869,1912,1682,1306,1508,985,1241,1032,1483,1251,1731,1548,1735,1449,1516,1601,1582,793,1114,1788,1855,1593,2156,1534,1535,1949,1954,1868,1825,1707,2128,1624,1741,1766,1392,1405,1210,1196,1296,1517,1528,1734,1779,2029,961,427,
168,970,1054,1135,765,931,1598,1440,1065,1650,1700,1334,2001,2347,2047,1621,1546,1283,1489,1450,1864,1525,1114,1602,1553,1460,1543,1199,1706,1202,1952,1839,1087,1495,1450,1873,1659,1475,1376,2158,2098,1908,1327,1452,1712,1379,1791,2020,2287,1656,1619,1155,1748,2010,2276,2053,1864,2074,1604,1668,2201,1659,1528,1201,593,61,
662,1230,1512,1654,1221,1385,1691,1124,1074,1162,2199,1441,1842,1944,1892,1513,1270,1230,1211,1870,1928,1762,1397,1084,1211,1279,1101,1291,1229,1298,1575,1609,1778,1946,1929,1833,1480,1463,1184,1453,1534,1620,987,1360,1441,1270,1501,1687,1690,2015,1702,2199,1591,1577,1513,1385,1799,1466,1728,1791,2383,1802,1678,1272,710,459,
691,915,1813,1247,1618,1790,1965,1771,1075,1238,1513,1259,1049,1764,2171,1425,1407,1255,1499,2087,1765,1660,1856,1453,1663,1370,1242,1688,1352,1257,1347,1594,1802,1783,1659,2268,2254,2007,1778,1886,1554,1478,1350,1097,1286,1181,1235,1937,1919,1841,1553,1752,1780,1827,1413,1886,2116,2201,2182,1960,2173,2059,1583,1291,744,392,
1023,1394,1573,1172,1325,1526,1965,1571,1066,1475,1278,1355,1090,1587,2091,1551,1457,1002,1816,1961,1262,1149,1207,1095,1504,1907,1478,1720,1857,1577,1720,1796,2047,2112,2027,2268,1929,1608,1692,1703,1578,1474,1457,1371,1799,1574,1265,1453,1643,1436,1349,1483,1894,1385,1138,1485,1283,1369,1343,1429,1819,2403,1608,1911,1302,703,
762,1377,1279,997,736,1113,2027,1530,1697,1413,1636,1081,1111,1214,1473,1477,1205,1297,1976,1500,1828,1562,1594,1722,1543,1494,1811,1721,1902,1432,1652,1454,1181,1281,1541,1933,1858,1835,1874,2045,1585,1304,1560,1527,2037,1709,1199,1476,1745,1999,1876,1743,1832,1590,1767,1546,1620,2043,1607,1796,1524,2323,1643,1869,1106,398,
718,1306,1634,1673,1376,1161,1623,1941,1631,1701,1661,1139,1122,1418,1405,1525,1448,1487,1803,2071,1656,1360,1586,1296,1434,1450,1753,2119,1709,2108,1966,1418,1289,1546,1447,1789,1413,1556,1482,1976,1498,1560,1576,1804,1628,1486,1252,1207,1311,1504,1468,1636,1406,1533,1414,995,1468,1231,1408,917,1188,1569,1405,1919,1072,494,
457,1198,1481,1508,1203,1348,1259,1793,1552,1785,1733,1333,1182,1182,1580,1596,1457,1097,1223,1512,1194,1706,1699,1757,1265,1491,1587,1721,1379,1659,1653,1486,1127,1278,978,1545,1760,1440,1629,1811,1749,1600,1655,1729,1573,1258,1401,1069,1251,1747,2207,1825,1514,1393,1542,880,1509,1441,1721,1254,1811,1339,1193,1858,987,531,
48,751,1225,1632,1632,1942,2010,2288,2312,2238,1923,1506,1496,1387,1877,1810,1964,1431,1651,1598,1717,1330,1849,1573,1130,1354,1368,1578,1732,1812,1504,1161,1224,1492,1414,1646,1480,1418,1512,1636,1996,1680,1293,1360,1608,1744,1796,992,808,959,1661,1357,1574,1647,1400,764,1231,1384,1552,1222,1151,1369,1339,1567,1058,454,
211,808,1451,1562,1204,1765,1860,1605,2035,1763,1494,1819,1528,1545,1662,1973,1679,1443,1335,1493,1614,2068,1931,1240,1234,1426,1814,1936,2022,1460,1436,1565,1223,1584,1555,1743,1920,1883,1149,1198,1305,1282,1735,1168,1886,1717,1968,2133,1354,1873,1597,1729,1924,1526,1265,1190,1343,1441,1952,1346,1400,1509,1652,1251,1047,160,
667,1274,1399,1745,1963,1743,2114,1681,1963,1742,2169,1824,2118,1987,1927,1763,1724,1901,1178,1539,1545,1533,1593,1443,1448,1531,1701,1622,1960,2204,1747,1478,1349,1350,1270,1444,1795,1649,1860,1734,1841,1332,1430,1232,1402,1642,1553,1961,1550,1356,1527,1415,1575,1510,1463,1242,1084,1276,1303,1514,1412,1959,1479,1436,703,274,
565,1108,1626,1629,1650,1223,1765,1513,2088,2156,2271,1868,1905,1598,1914,2065,2061,1663,1297,1479,1211,1433,1162,1352,1691,1931,2286,2131,2056,1939,1746,1565,1805,1759,1192,1417,1222,1907,2103,1615,1461,1666,1550,1374,1342,1973,1826,1799,1839,1334,2045,1763,2009,1851,1270,1972,1494,1867,1354,1353,1584,2131,1844,1326,554,153,
669,1218,1467,1446,1264,1428,1605,1123,1504,1657,1884,2055,1770,1785,1877,1505,1895,1564,1375,1290,1099,1511,672,1306,1582,1877,1815,1614,1737,1818,1787,1340,1569,1446,738,1408,1912,1455,1644,1861,1821,1735,1165,1386,1183,1307,1779,1671,1686,1841,1629,1664,1525,1210,1513,1248,998,1352,994,930,1173,1588,1728,1746,905,281,
985,1380,1928,1687,1718,1464,1433,1538,1851,1576,2089,1774,1917,1169,937,1209,1503,1429,1102,1206,1452,1287,1412,1639,1969,2290,2353,1517,1840,1913,1794,1502,2157,1463,1649,1056,1623,1585,1438,1588,1870,1878,1231,1516,1209,1187,1318,1422,1085,1428,1825,1921,1612,1820,1522,1250,1619,967,1179,1529,1573,2115,1563,1478,643,199,
695,1504,1518,1706,1039,1101,967,1280,1817,1788,1389,1649,2011,1941,1533,1594,1777,1870,1553,1686,1225,1165,1296,2054,1978,2143,1711,1553,1703,1901,1468,1775,1595,1850,1342,1082,1059,1472,1101,1105,1370,1692,1763,1783,1370,1432,1128,1352,1424,1520,1916,1551,1478,1448,1570,1744,1853,1459,1525,1628,1087,1485,1108,1694,1038,391,
606,1339,1668,1717,1404,1413,1395,1436,1579,1846,1473,1257,1543,1489,1653,1201,1163,1383,1532,990,1323,1197,1423,1640,1490,1868,1655,1829,1838,1917,2144,1574,1866,1722,1561,1131,1462,1442,1226,1365,1617,1771,1951,2025,1849,1522,1078,1338,1570,1123,1651,1674,1701,1265,1204,1292,1346,1487,1270,1326,1487,1681,1400,1615,891,450,
687,1187,1554,1702,1973,1210,994,1033,1361,1804,1400,1158,1801,1675,1885,1737,1749,1601,1865,1431,1488,1160,1030,1406,1557,1793,1734,1204,1267,2083,2104,1855,1739,1545,1778,1444,1304,1459,1622,1603,1796,1750,2084,2132,2137,1638,1790,1201,1454,970,1283,1574,1248,1095,1362,973,1602,1946,1985,1487,1992,1586,1662,1769,1263,495,
861,1115,1332,1934,1856,1908,992,1422,1259,1192,1518,1412,1517,1107,1098,1544,1626,1284,1891,1553,1487,1219,1282,1198,1257,1345,1443,1513,1458,2002,1762,1835,1553,1265,1292,1256,1541,1723,1636,1304,1525,1529,1736,1579,1292,1584,1719,1185,1421,1125,1176,1502,1685,1411,1570,1227,1730,1517,1662,1196,1763,1762,1524,1859,1062,499,
839,1678,1818,1701,1772,1552,1743,1650,1629,1383,1372,1341,1741,1416,1521,944,1597,1905,1818,1402,1616,1504,1641,1540,1444,1160,1029,1414,1630,1432,1311,1130,1139,1050,872,951,1470,1485,1882,2008,1241,1567,1049,1262,1389,1957,1674,1362,1328,1270,1563,1459,1630,1462,1391,1424,1840,1414,1807,1987,1650,1600,1339,1200,634,384,
553,1169,1633,1670,1738,1669,1847,1388,1702,1349,1526,1541,1334,1440,938,1631,1686,1770,1660,1642,1523,1440,1241,1404,1480,1094,881,974,1828,1651,1350,915,1081,1088,971,1312,1093,1361,1335,1444,1183,1843,1722,1946,1130,1823,1904,1527,1368,1171,1502,1109,1814,1720,1683,1811,2133,1844,1524,1534,1302,1659,1515,1232,605,441,
522,1097,1372,1177,1348,1615,1567,1781,1530,1225,1473,1452,1361,1506,1145,1223,1504,1815,1557,1407,1443,1476,1511,1320,1104,1296,1307,1874,2066,2033,1549,949,1258,1244,1310,1076,711,1646,1485,1523,1377,1646,1680,1600,1546,1978,2011,1934,1639,1736,1496,1508,1350,847,908,1555,1751,1897,1549,1826,1678,1395,1430,1199,915,373,
345,1041,1464,1599,1360,1693,1715,1683,1647,1181,1467,1576,1226,1388,1170,1606,1567,1846,1858,1775,2107,2229,1686,1878,1636,1574,1144,1497,1624,1422,1348,1269,1303,1844,1753,1709,1603,1744,1630,1323,1457,1196,1527,1413,1612,1699,1844,1704,1941,1742,1709,1593,1352,1566,1617,2013,2080,1795,1376,1155,1422,1659,1400,1612,1213,69,
321,928,1072,1203,1002,1357,1172,1178,1593,1423,2021,1776,1405,1387,1443,1415,1522,1435,1392,1574,1403,2090,1479,1524,970,939,1473,1636,1712,1929,1652,1638,1345,1524,1542,1459,1725,1873,2255,1871,1730,1822,1564,1375,1200,1691,2209,1818,1674,1670,1889,1512,1528,1235,1901,1714,1814,1661,1622,1860,1967,1725,1675,1824,719,234,
513,1294,1471,1600,1720,1080,950,1247,1381,1688,1549,1246,972,1054,1140,1236,1936,1785,1931,1613,1776,1926,1949,1604,1186,1167,1277,1341,1857,1254,1201,1452,1404,1530,1504,2085,1543,1030,1456,1542,1632,1423,1029,1122,1316,1770,1691,1220,1334,1432,1695,1722,1300,1734,1783,1631,1901,1564,1404,1114,1074,1427,1939,1605,719,525,
350,1127,1524,1521,1650,1568,1730,1468,1476,1282,1774,1668,1272,1349,1759,1803,1591,1248,1219,564,1229,1468,1784,1648,1378,1452,1260,1267,1515,1143,1666,1947,1455,1019,1339,1706,1386,1600,1452,1809,1845,1568,1724,1742,1765,1977,1117,1825,1376,1478,1413,1655,1216,1901,1981,2137,1959,1851,1631,1331,1635,1538,1938,1750,914,296,
395,998,1838,1826,1601,1579,1619,1149,1602,1287,1688,1282,1430,1564,1099,1725,1242,1459,1022,410,952,1226,1303,1560,1335,1498,1381,1485,1442,1133,1637,1543,1481,1526,1570,1565,1388,1412,1276,1789,1543,1550,1411,1547,1858,1734,1733,1674,1987,2284,1983,1534,1051,659,1259,1861,1511,1554,1593,1299,1186,1287,1579,1833,1056,305,
485,519,1609,1524,1718,1905,2026,1580,1141,1537,1485,2028,1460,1580,1177,1488,1534,1395,840,1064,1512,1703,1797,1476,2156,1619,1549,1886,1693,1619,1959,1736,1472,1254,1392,1973,1681,1733,1802,2130,2043,1760,1752,1875,1698,1645,1423,1357,1387,1693,1765,1654,1395,742,1323,1841,1394,1360,1021,1506,1237,1715,1582,1883,1133,238,
489,1146,1591,1597,1638,1643,1858,1902,1694,1625,1595,1298,1729,1533,1543,1289,1408,1297,1241,961,1360,1703,1824,1890,1728,1858,1717,1463,1418,1316,2119,2143,1534,1608,1738,2056,1527,1580,1687,2047,2035,2094,1831,1565,1904,1308,1668,1701,1949,2290,1866,2008,749,961,784,1350,1636,1529,1436,1060,1287,1423,1794,1965,1353,595,
601,1083,1433,1465,1320,1199,1655,1636,1358,1045,1501,1751,1961,1550,1676,1576,1257,1525,1320,1249,1450,1950,1710,2045,2225,2047,2096,1899,2205,1594,2301,1973,1951,1351,1993,2040,1581,1775,1609,2159,1776,1929,1620,1890,1863,1534,1482,1580,1418,1198,1666,1873,1472,1351,1404,1455,1940,1358,894,979,1330,1566,1727,1892,1124,522,
617,1194,1906,1509,1304,859,1601,1376,1885,1130,1125,873,1239,1609,1916,1977,1428,1086,1816,1540,1515,1240,1643,2118,2064,1738,1395,1179,2118,1740,1960,1569,1621,1212,1525,1491,1900,1422,1865,1455,1550,1481,1767,1907,1829,1285,1329,1649,1878,1704,1799,1333,1452,983,1338,1227,2012,1679,1421,1182,1216,856,1683,2054,1434,396,
281,883,1056,868,1096,1242,1601,1668,1512,1491,1259,1402,1542,1861,1837,2009,1458,1624,1792,1519,1559,1164,1704,1570,1609,1893,1729,1804,1541,1689,1482,1451,1538,1940,1235,1721,1359,1310,1350,1153,1426,1323,1659,1181,1642,1162,1487,1836,1776,1054,1208,1310,1514,1416,1688,1774,1825,1577,1179,1310,1269,1261,1499,1466,891,479,
724,1074,1332,1045,1418,1090,1990,1475,1222,877,787,1183,1504,1560,1678,1461,1234,1279,1189,1378,1704,1678,1509,1730,1842,2067,1453,1295,1127,1781,1475,1550,959,1340,1026,1354,963,1570,1163,1433,1648,1658,1800,1802,2154,1480,1099,1380,1585,1691,1579,1317,1152,1224,1318,1799,1602,1381,1365,1297,1213,1373,1519,1645,1266,480,
519,1016,1147,1233,1713,1791,2076,1912,1440,1017,885,1245,995,1243,1284,841,1263,1040,1208,1110,1431,1371,1556,1486,1877,1499,1451,1406,1498,1143,1156,1717,1628,1640,1798,1686,1708,1624,1489,1419,1714,1812,1222,1398,817,1111,1006,1471,1425,990,1233,1101,1251,1283,1340,1525,1413,1382,1725,1253,1519,1394,1091,1386,673,412,
503,1345,1794,1558,1593,1521,1810,1631,1837,1319,1094,1232,1067,926,1056,1390,1446,680,978,1180,1199,1139,1721,1599,1973,1711,1627,1762,1300,1075,1279,1713,1769,1827,1697,1491,1488,1743,1390,1547,2025,2129,1457,1344,946,1280,1175,1376,1316,1166,1713,1470,1830,1475,1362,1476,1566,1397,1759,1585,1944,1820,1480,1780,1214,583,
612,629,1481,1429,1156,1378,1924,1751,1694,1797,1441,1641,1143,1001,1290,1534,1355,1225,1458,1289,1683,1449,1543,1719,1743,1625,1880,1877,1915,1451,1651,1366,2046,2151,1700,2000,2187,2292,1978,1803,2047,1917,1917,1409,1281,1019,1259,1203,1162,1238,1243,1227,1297,1050,1353,1218,1304,1429,1902,1852,1566,1839,1664,1906,1262,453,
778,1312,1617,1768,1930,1616,2177,1696,1624,1649,1666,1335,1198,1012,1464,1540,2347,1604,2124,1495,1470,1274,1604,1852,1747,1645,1783,1908,1160,1458,1386,1819,1866,1995,1825,1672,1904,1344,1478,1622,1516,1922,2234,1955,1128,1395,1215,1132,737,1062,1225,1892,1284,1641,1502,1542,1525,1358,1586,1844,2075,2049,2028,2070,1503,532,
309,971,1074,1433,1728,1424,1590,1221,1191,1424,1347,1238,1242,1248,2079,1699,1749,1710,1487,1994,1005,1471,1262,2027,1408,1412,1239,1222,1605,1616,1355,1747,1851,1795,1617,1405,1791,1866,1497,1849,1490,1699,1781,1655,1632,1622,1797,1737,1546,1246,1132,1283,970,1034,1444,1335,1481,1251,1588,1424,1689,1170,1775,1777,1289,532,
679,1515,1701,1487,1263,1713,1800,1474,1657,1588,1704,1251,1342,1130,1716,1418,1630,1687,1685,1609,1713,1443,1612,1709,1282,1431,1335,882,1016,1094,1667,1815,1444,1783,1613,1797,1673,1540,1120,1282,1284,1682,1992,1883,1566,1679,1546,1571,1239,888,822,1045,1660,1567,1889,1768,2039,1711,1428,1916,1510,1353,1246,1718,1277,518,
757,911,1232,1375,1441,1400,994,1217,1259,1455,1438,1197,1384,866,1405,1370,1632,1408,1320,1332,1661,1459,1854,1866,1668,1625,1353,1377,976,1471,1489,1647,1403,1328,1223,1746,1604,1700,1375,1780,1862,1863,1607,1655,1470,1435,1532,1607,2027,1983,1416,819,1482,1651,1827,1265,1653,1632,1626,1372,1137,885,1087,1382,1192,656,
685,1432,1680,1111,881,1229,1401,1963,2077,1649,2008,1945,1835,1699,1727,1719,1378,1484,1535,1521,1864,1762,2048,1627,1488,961,1523,1430,1170,1440,1592,1657,1261,1223,1401,1886,1189,1871,1811,1960,2080,2057,2014,1809,1495,1690,1657,1991,1524,1703,1564,1224,1468,1673,1910,1918,1982,1748,2147,1764,1534,1492,1175,1730,1201,645,
378,884,848,1002,1379,1840,1510,1662,1855,1701,1589,1725,1919,1677,1273,1736,1841,1733,1450,1500,1563,1955,1565,2029,1688,1474,1475,1508,1120,1503,1765,1276,1883,1310,1472,1167,1472,1517,1758,1960,1760,2093,1714,1460,1885,1741,1486,1782,1408,1547,1285,1785,1486,1043,1357,1204,1142,1678,1669,1483,1329,1640,1141,1598,1131,424,
581,912,1474,1217,726,1196,1344,1682,1986,2073,1579,1989,1823,2061,1773,1834,2265,2170,1608,1769,1604,1693,1394,1337,1392,1063,1530,1455,1353,1582,1511,1216,1476,1307,1310,1512,1352,1443,1586,1802,1460,1791,1835,1540,1531,1839,1909,1540,1300,1022,1477,1468,1461,1399,1533,1398,1200,1575,1310,1163,1551,1752,1662,1844,1029,475,
608,835,979,929,1094,1533,1638,1212,1250,1371,1967,2244,1645,1841,1635,2029,1665,1569,1607,1504,1436,1828,1761,1451,1654,1611,1453,1451,1587,1756,1675,1819,1834,1763,1552,1653,1895,1736,1714,1615,1371,1174,1617,1432,2001,1937,1772,1404,976,927,1054,1218,1669,1614,1398,1332,1279,1553,1242,1607,1402,1787,1276,1187,559,280,
538,1483,1366,1031,1316,1236,1271,1313,1287,1303,1583,1883,1772,2010,1973,1748,1909,1605,1802,1642,2020,1730,1750,1519,1805,1908,2024,1635,1655,1933,1620,1392,1825,1700,1227,1582,1623,1311,1258,1129,1362,1557,1540,2032,1884,1759,1870,1361,1371,1004,1548,1290,1674,1546,1468,1607,1746,1879,1975,1552,1556,1696,2113,1721,1174,406,
280,1097,1286,886,1273,1523,1253,1044,965,1495,1945,2019,2222,1677,1469,1363,1251,1162,1235,1438,2079,1825,1792,1768,2008,2220,1387,1462,1312,1793,1712,1725,1660,1818,1461,1802,1812,1611,1397,1483,988,1387,1188,1570,1396,1571,1415,1424,1665,1044,1506,1352,1727,1744,1591,1657,1715,1583,1712,1614,1453,1592,1741,1661,651,215,
564,1315,1285,1296,1330,1669,1223,766,948,1323,1704,1389,1697,1479,1461,1231,894,1366,1210,1688,1674,1471,1572,1751,2015,1858,1430,1628,1128,1547,1686,1913,1437,2013,1354,1861,1615,1210,1342,1437,1363,1495,1221,1379,1135,1537,1418,1825,1358,1870,1612,1765,1548,1443,1218,1649,1467,1931,1866,1952,1825,1581,1999,2206,1200,620,
593,890,1720,1166,1632,1587,1242,1340,1528,1712,1703,1831,1550,1400,1471,880,1078,1380,1707,1200,1796,1688,1822,1446,1017,1373,1439,1437,1234,1205,1609,1739,1806,1302,1658,1456,1642,1272,1187,1292,1164,1299,1312,1294,980,910,1319,1373,1084,1776,1638,1747,1392,1403,1361,1512,1569,1326,1762,1550,1534,1477,1722,1568,999,348,
706,987,1492,1283,1773,2283,1715,1454,1781,1728,1997,1673,1394,1452,1512,1269,1644,1410,1689,1601,1807,1830,1799,1577,1193,954,1215,1242,1670,1495,2268,1765,2044,2081,2175,2015,1698,1837,1408,1741,1996,1764,1722,1331,1255,1135,1409,1493,1621,1134,1396,1612,1726,1708,1698,1210,1334,1228,1855,1517,1247,1316,1539,1553,1262,494,
431,823,1377,1729,1813,1647,1273,1480,1743,1957,2111,1678,1676,1642,1239,1746,1398,1377,1829,1463,1216,1596,1882,1648,1040,1238,1312,1268,1592,1570,1484,1594,1742,1848,1561,1549,1533,1497,1128,1229,1773,1924,1751,1666,1069,793,988,971,1385,1143,1336,1630,1592,1554,1860,1861,1334,1340,1157,1828,1730,1240,1075,1222,919,410,
744,1134,1990,2052,1977,1739,1587,1843,1383,1745,1793,1245,1636,1728,1189,1871,1681,1979,1561,1555,1796,1948,1894,1288,1510,1326,1066,1130,1662,1797,1972,1742,1878,1700,1995,1937,1806,2034,1546,1840,2140,2388,2196,1589,1200,1060,1544,1265,1281,1052,1190,768,1734,1537,1768,1352,1302,1344,1061,1593,2004,1163,1520,1355,1047,350,
182,515,837,1095,1038,642,505,853,737,1091,674,878,1131,1046,974,776,639,688,793,730,716,788,808,1036,1076,483,457,727,760,1177,1034,622,1024,937,837,894,696,1065,727,925,1081,1405,1067,860,870,862,834,743,701,285,755,848,926,896,1104,864,915,768,765,1013,949,896,819,693,432,255,
177,536,589,672,655,689,554,471,389,368,256,356,257,467,540,426,570,621,637,687,419,668,601,554,323,460,438,657,528,738,517,468,544,487,517,666,472,717,1049,922,997,818,757,703,606,611,612,681,579,298,597,553,503,554,485,648,657,599,692,519,647,637,401,356,261,133,

212,311,598,553,625,576,754,743,710,495,431,604,453,721,457,639,557,735,595,560,481,350,242,490,611,733,825,530,562,607,643,587,569,558,312,402,254,235,499,509,163,194,359,410,365,489,420,513,580,301,336,221,244,273,484,581,736,587,621,668,571,451,332,550,445,339,
187,783,1238,1298,1237,1407,1484,1490,1667,1096,764,1412,1151,1259,1202,1536,1271,1450,1086,935,860,941,1046,1055,1031,1373,1528,1626,1548,1174,586,1306,1366,1173,891,1106,673,714,692,1117,924,520,906,1609,1153,839,1032,1062,1018,1103,713,1008,958,882,1460,1298,1384,1418,1407,1346,1350,852,976,1049,820,438,
431,1293,1798,1759,1700,1285,1980,1637,1563,1887,1821,2067,1705,1789,1465,1897,1734,2154,1454,1073,1113,1002,1063,1841,1856,1744,1851,1992,1946,1667,1172,1272,1360,1575,1404,1210,1404,1324,1294,1682,1291,895,1331,1654,1704,1643,1413,1808,2077,1568,1450,1348,1413,1645,2067,1903,1902,1901,1864,1316,1435,1534,1217,1523,1242,759,
442,1270,1794,1583,1228,1520,1594,1164,947,1554,1733,2041,1417,1602,1481,1918,1863,1529,1488,1213,1211,1547,1459,1320,1982,1734,1604,1390,1535,1708,1270,1448,1522,1670,1866,1762,1186,1815,1700,1918,1462,1174,1263,1160,1466,1605,1200,1548,1921,1731,1425,1892,1576,1676,1871,1832,1453,1457,1900,1369,1634,1308,1426,1514,1141,684,
394,703,1503,1244,1099,902,1326,1483,1274,1473,1773,1534,1676,1498,1642,1594,1423,1261,1623,1504,1615,1463,1425,1420,1723,1548,1323,1202,1375,1596,1515,1469,1253,1776,1488,1518,1021,1682,1608,1769,1651,1096,1216,1271,1197,1611,1312,1273,1899,1765,1142,1580,1439,1459,1663,1649,1671,1405,1537,1562,1425,1436,1411,1895,1095,944,
308,902,1103,1537,1136,1379,1191,1317,1520,1819,1612,1403,1534,1589,1906,1728,1809,1589,1375,1456,1566,1320,1189,1334,1747,1669,1671,1275,1496,1848,1640,1935,1682,1889,1939,1349,971,1028,1225,1264,1111,1317,1436,1499,1337,1178,1021,1129,1487,1727,1302,1702,1725,1508,1534,1588,1635,1625,1798,1741,1854,1433,1217,1818,1079,899,
227,635,1191,1660,1362,1378,931,1437,1540,1814,2144,1715,1725,1617,1699,1553,1445,1649,1658,1744,1358,1431,869,1651,1715,1633,1904,1582,1282,1119,870,1652,1780,2140,1644,1276,821,1268,1137,1407,925,1044,1087,1610,1722,1447,1045,1125,1366,1729,1954,1762,1479,1349,1503,1429,1688,1840,1591,1467,1331,1874,1770,1681,1209,938,
210,966,1374,1366,1598,1904,1706,1614,1682,1763,1703,1741,1370,1466,1407,1257,1657,1508,1821,1857,1806,1854,1487,1600,1755,1997,1658,1901,1721,1277,1532,1617,1478,1803,1313,1195,1241,1588,1240,1605,1052,1482,1398,1191,1471,1486,1265,1163,1332,1453,2022,2608,1751,1370,928,1088,1491,1422,1484,1314,1178,1777,1935,1925,1623,756,
406,549,1747,1693,1412,1891,958,1480,1885,2115,1972,1878,1382,1503,1663,1425,1651,1394,2050,2149,2116,2077,1700,1794,1752,1716,1542,1257,1823,1741,1436,1701,1973,1959,1483,1038,1251,1756,969,1518,1280,1736,1596,1664,1779,1860,1480,1439,1773,1777,1889,1908,1629,1748,1233,1259,1138,1540,1501,1529,1502,1763,1707,1689,1477,755,
472,1168,1334,1405,1414,1233,1067,1164,1574,2013,1879,1903,1096,1279,1958,1242,1517,1227,1482,1992,1991,1988,1410,1774,1307,1099,1552,1598,1765,1581,1929,1833,2080,1822,1243,1083,1272,1768,1392,1778,1593,2078,1997,1880,1259,1188,1676,1801,2028,2170,1666,1494,1814,1664,1779,1626,1534,1590,1377,1637,1079,1243,1245,1246,1029,726,
347,592,1324,1641,1617,1525,1169,1332,1802,1469,1442,1784,1174,1483,1602,1577,1360,1212,1683,1779,1484,1585,1342,1403,1447,1641,1489,1138,1910,1260,1498,1702,2012,1683,1531,1492,1434,1716,1394,1741,1416,1424,1555,1310,1432,1382,1369,1678,1741,1660,1797,1704,1383,1346,1917,1701,1524,1868,1496,1349,1125,942,1052,1005,1052,590,
183,604,1450,1540,1596,1556,1671,1576,1574,1810,1526,1318,1185,1586,1897,1900,1040,850,1280,1626,1654,1363,1204,1328,1656,2053,1936,1438,1364,1566,1932,1679,1814,1392,1593,1431,1520,1839,1273,1636,1592,1357,999,1433,1553,1264,717,1121,1735,1868,1302,1846,1900,1699,1965,1910,1515,1388,1471,1424,972,1142,844,943,922,528,
0,371,931,1642,1773,1607,1536,1739,1183,1038,1665,1718,1879,1500,1977,1801,1359,1466,1226,1519,1738,1094,1464,1554,1589,1659,1352,1172,1413,1761,1841,1530,1507,1321,1666,1898,1846,1591,1289,1413,1863,2076,1750,1603,1403,1480,1260,1282,1299,1919,1449,1566,1752,1703,1839,1213,1095,1167,1715,1542,911,1215,1202,1320,1217,582,
48,333,951,1390,1254,969,1172,1786,1434,1694,1731,1721,1784,1806,1798,1938,1514,1047,1286,1550,1512,1215,1208,1742,1728,1765,1415,1450,919,1667,1650,1251,1554,1182,1571,1696,1621,1620,1550,1770,1931,1843,1591,1882,1680,1665,1952,1546,1558,1239,1597,1560,1705,1776,1708,1520,1519,1247,1385,1434,1150,879,1302,1464,1203,590,
162,514,1215,994,824,933,1198,1577,1446,1488,1625,1992,1843,1933,1751,1781,1667,1568,1378,1332,1811,1664,1367,1603,1096,1432,807,1162,1077,1256,1723,1549,1641,1510,1541,1681,1235,1016,1131,1693,1795,2058,1611,1309,1495,1834,1844,1923,1733,1849,1813,1483,1775,1441,1700,1648,1433,1285,1118,1359,1207,1483,1601,1710,1251,503,
356,586,1166,1262,904,761,1325,1565,1076,1418,1459,1692,1711,2122,2258,1687,1262,1473,1125,1366,1889,1389,1556,1156,1200,1507,1037,1250,1216,1550,1737,1786,1757,1072,1234,1505,1616,1396,1256,1482,2000,1704,1613,1679,1265,1527,1712,1806,1772,1859,1748,1354,1688,1873,1837,1997,1670,1742,1385,1635,1792,2196,1635,1588,912,179,
489,938,1438,1359,1582,1102,1156,1709,1010,887,1522,1828,1588,1781,2197,1991,1151,1317,1245,1333,1824,1834,1430,1099,890,1010,1345,1557,1365,1438,1601,1325,1713,1197,1565,1624,1787,1345,1316,1605,1751,1762,1434,1448,1555,1455,1321,1446,1937,1638,1615,1385,1817,1629,1479,1452,1366,1740,1656,1866,1991,2044,1820,1321,847,529,
122,834,1316,1458,1207,1627,1933,1705,1241,859,1363,1592,1326,1076,1789,1712,1177,822,1211,1727,1588,1539,1568,1476,1615,1148,1376,1008,1513,1566,1296,1242,1856,1671,1937,1977,2020,1884,1677,1642,1491,1445,1214,1190,1209,1312,1096,1287,1930,1676,1547,1540,1876,1629,1431,1388,1623,2098,1653,2142,2099,2130,1932,1122,953,644,
459,1045,1687,1239,1185,1442,1790,2049,1530,1191,1253,1059,1081,967,1566,1921,1350,937,1458,2148,1617,1305,1127,1452,1601,1705,1631,1557,1611,1203,1571,1638,1864,1753,2076,2088,1952,1914,1627,1353,1551,1418,866,1069,1499,1428,1585,1295,1592,1817,1358,1588,1537,1562,1516,1220,1386,1613,1656,1322,1459,1926,2087,1362,1326,953,
610,1230,1671,1015,828,1197,1251,2028,1328,1407,1569,1265,839,1066,1647,1460,1235,1188,1646,1690,1994,1575,1449,1443,1713,1459,1606,1943,1755,1851,1721,1422,1740,1244,1435,1796,2009,2140,1436,1748,1821,1563,1193,1542,1589,1378,1629,1543,1754,1741,1887,1930,1487,1417,1677,1263,1563,1517,1516,1312,1410,1771,1824,1804,1402,842,
255,941,1792,1840,1497,920,1343,1719,1781,1518,1511,1899,1360,1146,1338,1280,1288,1149,1695,1540,1702,1412,1177,1727,1299,1184,1714,2011,1774,1964,2042,1442,1200,1192,1567,1660,1662,1792,1568,1950,1671,1298,1389,1720,1945,1502,1082,896,1395,1615,1370,1875,1631,1244,1541,1117,1173,1229,1512,1120,1301,1586,1588,1590,1411,1019,
215,775,1124,1391,1764,1519,1342,1701,1865,1833,1744,1363,1217,1227,1596,1679,1476,1491,1077,1273,1594,1226,1530,1771,1523,1377,1368,1671,1539,1517,1618,1705,1159,1023,1375,1457,1062,1445,1401,1579,1630,1701,1301,1792,1371,1394,1524,1197,849,1410,2003,1594,1460,1723,1136,1125,1292,1289,1616,1696,1153,1339,1513,1425,1260,850,
131,497,981,1389,1610,1649,2009,2082,2036,2067,1639,1607,1358,1296,1517,1887,1659,1612,1358,1330,1409,1329,1454,1386,1488,1201,1345,1614,1486,1600,1409,1050,1281,1148,1224,1446,1772,1568,1163,1469,1581,1578,1471,1365,1061,1553,1672,1399,1123,978,1308,1688,1393,1599,1342,986,766,1370,1472,1233,1328,851,1360,1481,1021,923,
56,353,1142,1347,1362,1626,1558,1659,2041,1825,1758,1384,1293,1488,1528,1856,1681,1528,1359,1076,1537,1678,1767,1416,1181,1123,1406,1859,1734,1732,1622,1257,1255,1381,1337,1711,1478,1694,1535,1138,1243,1457,1216,1413,1095,1810,2038,1301,1585,1418,1664,1843,1685,1666,1597,1281,917,1022,1550,1643,1246,1373,1402,1456,1139,601,
351,808,1483,1702,1745,1639,1889,1760,1580,1634,1998,1788,1786,1987,1932,1848,1790,1623,1583,1257,1384,1522,1948,1453,1143,1271,2056,1692,2029,2122,2003,1206,1226,1571,1684,1438,1635,1847,1377,1352,1482,1121,1182,1210,1240,1451,1707,1755,1870,1363,1279,1683,1680,1571,1488,1442,1133,1197,1394,1392,1265,1700,1848,1580,1062,450,
332,1134,1532,1524,1679,1346,1421,1415,1510,1596,1987,1742,1896,1557,1570,2048,1800,1614,1335,1144,1418,1442,1222,1197,1413,1870,2074,2143,1782,2036,2093,1867,1508,1864,1393,1112,1286,2083,2117,1769,1903,1643,1294,1415,1537,1468,1692,1933,1648,1774,1776,1552,1837,1408,1324,1131,1527,1432,1241,1326,1271,1624,1982,1507,781,402,
324,904,1382,1387,1422,1256,1372,1129,1457,1786,2112,1818,1939,1720,1332,1442,1976,1441,1359,972,1098,1333,1027,1113,1382,1721,1853,1879,1703,1786,1837,1529,1447,1385,1337,1285,1197,1584,1695,1792,1882,1630,1744,1154,1045,1666,1236,1904,1787,1450,1632,1463,2035,1549,1644,1405,1401,1315,950,1036,1008,1536,1804,1670,1001,549,
406,952,1363,1307,1280,1216,1229,1501,1621,1453,1842,2019,1716,1521,1516,1050,1356,1518,1382,1508,1222,1170,876,1401,1558,1986,1929,1723,1526,1617,1514,1819,1537,1814,1375,1078,1326,1936,1382,980,1765,1653,1325,1268,1007,1178,1180,1260,1365,1422,1864,1661,1791,1431,1476,1442,1524,1299,955,1250,1585,1359,1564,1553,1161,676,
431,1003,1825,1359,1188,1248,1112,1251,1365,1716,1200,1203,2004,1642,1518,1267,1276,1365,1461,1175,1083,1357,1214,1537,2009,1973,2096,1676,1669,1583,2001,1542,1644,1564,1549,1545,1307,1170,1532,1108,914,1514,1678,1327,1461,1517,1112,1328,1238,1193,1717,1759,1429,1184,1772,1393,1444,1313,1484,1403,1456,1578,1294,1483,1018,648,
337,986,1618,1846,1445,1124,822,1376,1331,1938,1668,1369,1002,1559,1608,1291,1551,1617,1344,1454,1168,1235,1131,1524,1770,1882,1782,1449,1680,1822,2374,1804,1502,1691,1631,1235,1081,1016,1361,1460,1260,1486,1947,2080,2062,1371,1501,1165,1245,1490,1373,1357,1682,1239,1064,1305,1397,1367,1600,1439,1432,1786,1536,1409,1053,863,
319,669,1168,1303,1576,1724,984,1143,997,1631,1487,1539,1204,1860,1940,1662,1747,1568,1400,1838,1378,1349,1224,1378,1155,1476,1363,1285,1158,1288,1776,1692,1659,1880,1200,1148,1424,1217,1301,1305,1531,1696,2048,1860,2381,1815,1576,1609,1385,1315,1261,1107,1640,1286,948,1102,1321,1606,1685,1614,1445,1431,1491,1637,1427,835,
472,753,1570,1445,1721,1851,1449,1183,1171,1550,1171,1511,1411,1670,1313,1373,1212,1796,1570,1592,1417,1348,1122,1119,1007,1210,1519,1375,1389,1524,1834,1591,1330,1334,1399,1270,1551,1781,1674,1420,1449,1415,1794,1338,1441,1201,1702,1497,937,1140,1447,1288,1451,1410,1218,1106,1413,1614,1741,1446,1508,1821,1677,1505,1366,797,
558,1182,1521,1679,1704,1456,1469,1330,1685,1687,1285,1611,1669,1501,1534,1166,1323,1997,1554,1681,1346,1288,876,1372,1302,1332,1184,933,1529,1823,1478,1579,1127,1101,980,1218,932,1455,1964,1692,1749,1116,1376,1331,1343,1450,1515,1568,1486,789,1265,1521,1465,1721,1693,1411,1788,1530,1591,1487,1919,1520,1806,1188,952,562,
142,855,1981,1745,1567,1613,1838,1832,1635,1551,1693,1469,1580,1354,1405,1331,1353,1786,1613,1856,1300,1311,1336,1687,1363,1285,904,1032,1313,1614,1386,825,624,1035,943,900,868,878,1303,1498,1276,1370,1948,1625,1497,1771,1988,1770,1192,1377,1191,1103,1461,1375,1981,1523,2059,1834,1737,1383,1420,1616,1596,1145,699,484,
383,664,1159,1325,1422,1497,1726,1780,1615,1370,1251,1355,1388,903,1356,1297,1401,1781,1403,1315,1327,1670,1637,1378,1347,1298,1403,1639,1892,1694,1602,1114,994,971,1487,1189,1008,1131,1194,1438,1292,1488,1283,1981,1796,1657,1773,2023,1639,1616,1757,1396,1445,1273,1093,1180,1819,1840,1943,1544,1490,1496,1089,936,958,496,
193,631,1402,1293,1159,1264,1429,1587,1211,1305,1108,1427,1754,1181,1383,1386,1582,1824,1446,1749,1633,1627,1682,1465,1473,1332,1341,1759,1963,1831,1462,1262,1323,1247,1292,1552,1405,1655,1742,1722,1172,1434,1763,1424,1229,1604,1826,2013,1624,1800,1665,1639,1468,1138,1082,1736,1588,1988,1570,1511,1542,1649,1295,1689,1143,405,
86,435,970,1310,1218,1322,973,1274,1147,1551,1632,1624,1637,1682,1226,1317,1554,1441,1396,1418,1901,2061,1915,1648,1270,1099,908,1307,1487,1935,1751,886,1548,1576,1459,1311,1784,1927,1942,2193,1902,1395,1575,1283,1142,1477,1707,1869,1775,1501,1702,1814,1335,1369,1651,2118,1528,1515,1736,1554,1685,1809,1295,1425,1409,464,
512,1055,1289,1590,1307,1441,916,859,1526,1449,1779,1860,1261,1086,1114,1210,1634,1538,1686,1635,1236,1818,2125,1912,1240,949,1248,1378,1235,1228,1275,1397,1220,1178,1474,1669,1701,1371,1422,1524,1915,1622,1678,1005,1098,1714,1745,1632,1509,1368,1656,1577,1697,1557,1860,1831,1956,1949,1278,1112,1016,1528,1677,1800,1015,513,
266,825,1550,1869,1491,1423,1326,1273,1208,1686,1626,1380,1405,1156,1452,1486,1638,1575,1285,1060,961,1341,1464,1674,1575,1615,1211,1422,1348,1244,1285,1497,1706,1157,1234,1413,1874,1562,1121,1460,1959,1479,1769,1722,1722,1817,1713,1425,1264,1443,1671,1284,1487,1359,1675,1991,1688,1573,1551,1583,1186,1044,1867,1602,1087,634,
221,537,1286,1768,1584,1559,1788,1631,1432,1169,1547,1357,1404,957,1379,1768,1654,1578,1246,675,787,1147,1729,1440,1469,1453,1696,1616,1572,1444,1110,1385,1777,1207,1385,1293,1506,1417,1531,1614,1827,1567,1600,1640,1950,2207,1374,1406,1558,1897,1777,1689,1394,904,904,1704,1657,1427,1471,1343,1063,1070,1415,1876,1419,813,
159,674,1023,1218,1607,1587,1640,1418,1602,1224,1669,1358,1622,1779,1367,1100,1484,1406,960,498,744,1311,1637,1278,1562,1816,1511,1282,1677,1718,1694,1751,1613,1039,1390,1494,1506,1232,1676,1985,2060,2033,1688,1504,1740,1596,1380,1642,1710,1928,2063,2186,1292,800,887,1438,1582,1133,1148,1428,1128,1711,1810,1905,1448,690,
167,709,1163,1132,1363,1434,1518,1608,1308,1235,1628,1530,1509,1832,1361,1115,1158,1553,994,537,1051,1547,2031,1598,1817,1682,1874,1712,1364,1284,1323,1907,1914,1081,1531,1803,1822,1575,1411,1771,1875,2259,1874,1890,1595,1640,1267,1594,1752,1927,1776,1770,1292,626,823,1166,1429,1676,1098,1280,1288,1597,1568,1728,1518,939,
355,721,1562,1724,1521,1043,1520,1738,1696,1120,1046,1500,1446,1604,1759,1386,1266,898,1304,1409,1500,1469,1653,1970,2048,1849,1957,1722,1638,1618,1910,1898,1844,1249,1524,1557,2021,1506,1593,1697,1884,1415,1648,1757,1718,1826,1539,1339,1488,1330,1317,1673,1445,1436,704,1549,1712,1796,1365,962,1170,1296,1475,1892,1510,838,
263,1067,1554,1679,1452,1335,1196,1328,1311,1590,1621,1130,1234,1291,1879,1836,1590,1253,1250,1581,1417,1281,1788,1702,2064,1858,1281,1431,1822,1939,2043,1679,1592,1484,1537,1467,1844,1505,1596,1756,1590,1686,1260,1784,1442,1536,1401,1231,1686,1899,1259,1353,1430,1242,1212,1407,1341,1769,1759,1181,1137,1117,1515,1744,1453,778,
26,807,1245,811,800,989,1106,1304,1884,1227,1308,1313,1632,1277,1813,1578,1527,1307,1550,1641,1599,1202,1365,1231,1391,1849,1818,1194,1806,1867,1622,1104,1606,1383,1622,1577,1586,1747,1469,1117,1030,1344,1364,1504,1306,1370,1296,1566,1694,1651,1230,1338,1523,1445,1340,1921,2199,1297,1268,1054,1012,1448,1215,1396,1616,856,
248,778,1356,1147,907,1333,1856,1624,1697,1101,630,731,1356,1203,1530,1394,1345,1293,1472,1601,1752,1550,1538,1346,1606,1554,1681,1332,953,1379,1580,1478,1302,1304,1148,1522,1143,1189,1320,1536,1176,1549,1420,1704,1562,1680,1102,1094,1635,1509,1419,1305,1324,980,1552,1548,1675,1627,1488,1163,1203,1167,1374,1204,1178,700,
349,831,1173,1042,1547,1725,1961,1810,1681,1117,885,622,1445,1430,1165,881,1087,1071,1027,1313,1549,1411,1464,1667,1814,1530,1489,1829,1119,1189,1150,1389,1406,1598,1138,1434,1262,1581,1090,1497,1533,1930,1657,1511,1211,1291,1137,1120,1336,1300,1137,1057,1317,1211,1254,1204,1344,1579,1400,1467,1346,1559,1627,1221,1107,871,
380,642,1747,1565,1424,1434,1966,1764,1805,1185,1236,1311,1118,896,1145,1183,1598,1013,766,812,1201,1431,1399,1441,1535,1884,1456,1487,1612,1196,960,1721,1274,1972,1752,1316,1166,1594,1289,1225,1666,2029,1862,1534,916,1211,1129,1344,1623,1086,1263,1495,1858,1172,1436,1516,1146,1562,1330,1831,2153,1561,1576,1557,1265,825,
133,416,1303,1362,1429,961,1456,1818,1734,1635,1692,1449,832,1000,963,1138,1538,1405,1219,1454,1611,1208,1268,1708,1835,1450,1820,1696,1798,1798,1272,1310,1904,1758,1824,1907,1701,1945,1693,1688,1900,2135,1692,1671,1368,1185,1016,1253,1344,1051,1068,1237,1453,1169,1041,1242,1294,1153,1747,1908,1860,1730,1917,1815,1176,984,
415,778,1340,1142,1789,1571,1669,1689,1665,1409,1629,1551,1499,1142,1028,1621,1671,1955,1666,1456,1640,1252,1127,1571,1670,1708,1380,1699,1506,1396,1268,1581,1980,1877,1666,1715,1528,1629,1729,1656,1681,1794,2085,1792,1525,1174,1369,1200,952,931,1294,1333,1573,1266,1541,1384,1463,1579,1265,1532,2066,1746,1720,1879,1586,922,
336,668,1452,1060,1370,1721,1739,1424,1704,1267,1454,1372,942,1469,1233,1754,2022,1715,1695,1682,1589,1344,1529,1889,1558,1713,1224,1547,1265,1070,1233,1249,1623,1754,1721,1258,1497,1807,1404,1207,1464,1616,1486,1842,1470,1227,1362,1383,1212,1227,1122,1112,1283,1270,1157,1396,1487,1519,1512,1393,1404,1283,1425,1838,1467,909,
556,691,1454,1718,1444,1362,1651,1585,1446,1325,1838,1229,933,1003,1592,1588,1663,1344,1536,1294,1456,1560,1318,1660,1439,1623,1208,1327,712,1284,1431,1589,1290,1477,1747,1757,1686,1427,1450,1199,1237,1561,1524,1595,1621,1477,1306,1557,1325,1019,619,941,954,1549,1633,1796,1884,1389,1404,1415,1597,1256,1185,1199,1525,832,
364,854,1414,1345,1238,1319,1266,1065,1426,1616,1680,1621,1290,1093,1243,1505,1576,1358,1522,1362,1162,1555,1526,1895,1549,1256,908,1182,1100,984,1234,1762,1678,1368,1278,1534,2008,1748,1528,1618,1462,1561,1781,1445,1465,1612,1684,1724,1570,2023,1497,834,658,1680,1807,1596,1923,1741,1889,1394,1207,1059,1002,1113,1326,997,
302,1299,1831,1358,1001,1262,1383,1457,1393,1561,1554,1330,1949,1590,1504,1135,1205,1536,1462,1236,1406,1979,1905,1499,1714,1172,1283,1508,1041,1028,1549,1538,1327,1440,1374,1698,1485,1358,1774,1883,1884,2084,1984,1990,1598,1404,1353,1639,1645,1837,1483,1778,1181,1540,2050,1638,1633,1393,1600,1873,1609,1047,1526,978,1507,1040,
370,478,1002,1336,1403,1470,1477,1598,1713,1810,1684,1586,1679,1680,1776,1671,1630,1952,1313,1327,1830,1632,2045,1932,1660,1217,1363,1229,1208,1304,1561,1825,1278,1614,1380,1287,1553,1367,1585,1905,2008,1918,1841,1755,1622,1620,1688,1647,1446,1540,1274,1515,1617,1504,962,1422,1615,1391,1716,1428,1354,1302,1539,1382,1371,830,
347,576,1269,921,731,1074,1425,1717,1829,2031,2074,1972,2183,2051,1694,1869,1937,2179,1800,1783,1596,1603,1376,1411,1496,1314,1438,1263,1504,1539,1542,1348,1355,1643,1454,1188,1376,1604,1239,1608,1651,1743,1528,1601,1346,1878,1839,1593,1277,1051,1060,1528,1353,1562,1317,894,1149,1283,1430,1650,1453,1640,1909,1619,1512,870,
159,764,1243,1071,912,1190,1340,1705,1283,1327,1867,1714,1602,1874,1537,1764,1769,1744,1650,1638,1307,1823,1612,1649,1167,1245,1639,1477,1749,1514,1749,1891,1354,1398,1815,1312,1317,1864,1675,1504,1359,1510,1412,1869,1558,1680,2057,1585,1255,695,837,1345,1152,1477,1766,1205,1338,1231,1021,1190,1523,1799,1716,1358,994,533,
469,961,1398,1076,997,938,1364,1291,1093,1429,1418,1729,1876,1798,1216,2022,1687,1756,1283,1369,1590,1791,1774,1609,1498,1930,2092,1350,1737,1818,1535,1649,1608,1445,1407,1198,1679,1704,1344,1596,1524,980,1354,1901,1626,1829,1643,1379,1349,1381,1469,1282,1647,1536,1522,1464,1724,1825,1965,1688,1114,1544,1623,1884,1268,453,
223,734,1183,1510,1004,1329,1603,1168,840,1148,1900,1993,1928,1842,1715,1492,1133,950,1330,1543,1512,2024,1701,1486,2060,1955,2039,1397,1133,1611,1580,1353,1803,1689,1643,1353,1727,1701,1228,987,1313,1237,1265,1043,1455,1535,1264,1375,1442,1084,1239,1284,1691,1458,1717,1374,1758,1735,1692,1808,1814,1614,1473,1572,1157,377,
255,869,1237,1279,1199,1484,1458,1030,1029,1345,1328,1876,1572,1403,1523,1190,1048,944,1258,1515,1557,1544,1498,1442,1847,1357,1916,1706,1397,1501,1506,1817,1568,1190,1798,1503,1451,1348,1211,1046,1290,1240,1394,1438,1210,1003,982,1686,1659,1144,1782,1493,1599,1160,1163,1095,1831,1643,1659,1513,1636,1456,1844,1955,1544,935,
129,981,1380,1062,1382,1544,1505,1011,1234,1794,1717,1827,1600,1365,1529,1065,1030,1005,1380,1202,1346,1554,1433,1723,1565,1331,1206,1157,1230,1395,1079,1879,1716,1568,1472,1673,1777,1392,1212,1229,1500,1233,993,1448,1197,1261,1263,1586,1563,1618,1812,1712,1694,1400,1659,1443,1178,1553,1521,1837,1610,1443,1525,1575,1212,679,
460,883,1191,1301,1474,1938,1788,1471,1228,1692,1907,1929,1502,1635,1446,1413,1497,1476,1600,1492,1709,1743,1627,1742,1428,884,1103,1125,1342,1666,1459,2039,1836,1972,1942,1788,1699,1610,1457,1419,1910,2012,1589,1255,1311,1280,1214,1290,1197,1235,1123,1584,1553,1567,1409,1459,1332,1386,1657,1705,1571,1358,1316,1770,1115,715,
228,518,1233,1473,1706,1663,1694,1525,1560,1757,1894,2227,1697,1408,1552,1410,1519,1422,1558,1626,1548,1606,2204,1603,1055,1029,1099,1220,1290,1373,1613,1855,1658,1782,1785,1423,1616,1414,1542,1384,1356,1851,2518,1767,1536,904,942,1263,1394,1150,1248,1044,1411,1309,1723,1770,1383,1156,1160,1192,1570,1750,909,983,1063,817,
245,890,1220,1990,2101,1702,1472,1591,1603,1678,1492,1555,1465,1563,1591,1532,1164,1621,1507,1275,1591,1573,1404,1482,1422,1229,1111,792,1492,1652,1776,1639,1450,1978,1688,1633,2031,1580,1743,1592,1691,2265,2187,1820,1284,1221,1426,1057,1669,1115,905,1034,1434,1603,1777,1506,1645,940,1277,1217,1404,1366,1205,1064,1016,687,
165,534,1181,1348,1507,1294,800,920,1115,972,1043,809,884,1289,1112,965,816,1186,905,925,1029,1002,1109,1113,1105,874,829,579,1072,1220,1405,1175,739,994,1131,769,936,853,1131,1185,1299,1613,1549,920,892,773,963,1183,1068,772,817,842,1262,895,1061,1068,1136,866,917,1137,1040,1003,1159,724,786,381,
171,465,755,723,660,681,538,449,311,227,172,229,309,314,383,480,357,569,454,579,576,386,617,542,486,183,308,233,543,566,670,508,365,367,391,295,564,533,647,855,694,722,464,404,454,363,412,488,423,159,323,318,559,436,527,331,404,357,549,585,536,481,575,22,207,36,

