2 4 10 
9 12 9 
15 -2 -1 

-1 -2 13 
-2 1 1 
14 3 -2 

6 -1 9 
1 4 0 
-1 13 8 

0 6 -2 
-1 1 -1 
3 6 13 

1 12 1 
8 3 -4 
5 -4 -5 

11 -1 1 
11 11 5 
15 -3 -2 

10 -3 -5 
12 7 12 
6 12 1 

7 -2 -3 
2 5 3 
8 14 0 


8 7 10 
12 -2 3 
11 14 -2 

8 -5 9 
2 11 10 
14 5 -4 

8 11 2 
2 -3 8 
10 13 12 

5 2 4 
5 13 2 
4 12 -1 

-4 7 7 
10 -4 -2 
-1 11 6 

6 12 0 
10 6 13 
2 -2 -4 

11 5 13 
15 -5 14 
14 3 2 

15 -4 1 
-2 3 -3 
15 4 -1 


-3 1 8 
12 -3 -1 
4 11 -1 

-2 0 -2 
-5 9 -1 
5 5 8 

-3 -3 11 
6 -5 15 
12 11 4 

5 -5 14 
-4 -2 14 
15 0 13 

6 13 -4 
12 -2 1 
3 1 11 

14 3 9 
3 11 -2 
9 5 -2 

3 11 15 
2 1 14 
12 3 1 

-2 -5 7 
-3 2 2 
8 2 15 


