1111111111111111111111110 0000000000000000000000111 1111111111111111111101001 0000000000000000000110011 0000000000000000001001000 0000000000000000010100011 0000000000000000001001100 0000000000000000000111010 0000000000000000010001001 0000000000000000000110001 0000000000000000000101100 1111111111111111110100110 0000000000000000000011001 0000000000000000010000001 0000000000000000000011100 1111111111111111111111011 
0000000000000000000110110 0000000000000000001110001 0000000000000000000100111 0000000000000000000011000 0000000000000000011101110 0000000000000000010000000 1111111111111111111001110 0000000000000000000100100 0000000000000000000100000 0000000000000000011101011 0000000000000000001101010 0000000000000000001101000 0000000000000000010111101 0000000000000000010001101 0000000000000000010111000 0000000000000000000011110 
0000000000000000010101000 1111111111111111110100000 0000000000000000011000111 0000000000000000010111011 0000000000000000100001111 0000000000000000100000000 0000000000000000100000110 0000000000000000110110101 0000000000000000010100111 0000000000000000011011100 1111111111111111110110110 0000000000000000010111100 0000000000000000011111100 1111111111111111111011101 1111111111111111111101110 1111111111111111111101011 
0000000000000000100011010 0000000000000000011101111 0000000000000000011000110 0000000000000000011101001 0000000000000000101011111 0000000000000000011010110 0000000000000000010000011 1111111111111111101011110 1111111111111111110111100 0000000000000000100101011 0000000000000000001000011 0000000000000000010100110 0000000000000000001101000 0000000000000000011010110 0000000000000000011001100 0000000000000000000001010 
0000000000000000001001111 0000000000000000001011011 0000000000000000010010001 0000000000000000010110000 0000000000000001000111000 0000000000000000110110011 0000000000000000010100111 0000000000000000010000110 0000000000000000001111100 1111111111111111110010101 1111111111111111111001100 0000000000000000001001011 1111111111111111111101111 0000000000000000011100010 0000000000000000000110101 0000000000000000001000101 
0000000000000000010010101 0000000000000000001000001 0000000000000000011011111 0000000000000000011110101 0000000000000000001100011 0000000000000000010001111 0000000000000000001010000 0000000000000000101010111 0000000000000000011111101 0000000000000000011100101 0000000000000000101010100 0000000000000000100111000 0000000000000000110001001 0000000000000000100010111 1111111111111111111000000 1111111111111111111011011 
0000000000000000001001000 0000000000000000011010110 0000000000000000001100001 0000000000000001000110101 0000000000000000011101111 0000000000000000011001110 0000000000000000010000100 0000000000000000000011001 0000000000000000001011001 0000000000000000000010111 0000000000000000011010000 0000000000000000010110000 0000000000000000001000111 0000000000000000010011111 0000000000000000100010110 0000000000000000001100011 
0000000000000000000100000 0000000000000000011010001 0000000000000000100000100 0000000000000000010001001 0000000000000000000000100 0000000000000000001101001 0000000000000000010111000 0000000000000000010111111 0000000000000000111001110 0000000000000001001101010 0000000000000000011100101 0000000000000000011001111 0000000000000000110011110 0000000000000000100001101 0000000000000000010110100 0000000000000000010001110 
0000000000000000010100110 0000000000000000010101000 0000000000000000011001011 0000000000000000101000110 0000000000000000010100100 0000000000000000010010010 1111111111111111111000110 0000000000000000001000101 0000000000000000000010100 1111111111111111111111100 0000000000000000011100010 0000000000000000001111100 0000000000000000010001111 0000000000000000100100111 0000000000000000000000100 0000000000000000001001111 
0000000000000000010110000 0000000000000000010010100 0000000000000000011011100 0000000000000000001001000 1111111111111111111111000 1111111111111111011110111 0000000000000000000000100 0000000000000000011110111 0000000000000000100010011 0000000000000000101011111 0000000000000000010011000 0000000000000000011010010 0000000000000000000100001 0000000000000000011101010 0000000000000000000111101 0000000000000000000101000 
0000000000000000001001000 0000000000000000010010001 0000000000000000100110010 0000000000000000001101110 0000000000000000001101100 0000000000000000001110010 0000000000000000000010000 0000000000000000001100101 0000000000000000000110001 0000000000000000100110011 0000000000000000010101110 0000000000000000101111101 0000000000000000011101010 0000000000000000010010001 0000000000000000001011010 0000000000000000000101001 
0000000000000000001011111 0000000000000000011101011 0000000000000000011011001 0000000000000000011100110 0000000000000000010010010 0000000000000000000110101 0000000000000000100010011 0000000000000000101100111 0000000000000000101000011 0000000000000000110000001 0000000000000000010001111 0000000000000000010101010 0000000000000000000000110 0000000000000000000101101 1111111111111111110011100 1111111111111111110000100 
0000000000000000010000000 0000000000000000100010010 0000000000000000011001100 1111111111111111111000010 0000000000000000011101111 0000000000000000011010011 0000000000000000001000010 0000000000000000000001010 0000000000000000010101001 0000000000000000100110111 0000000000000000010101001 0000000000000000101000101 0000000000000000011000000 0000000000000000001100100 0000000000000000001010110 1111111111111111111110001 
0000000000000000010011011 1111111111111111111101101 0000000000000000011010111 0000000000000000011010100 0000000000000000011000001 0000000000000000000101010 0000000000000000001011010 0000000000000000010101000 1111111111111111101111101 0000000000000000010110001 0000000000000000010001101 0000000000000000001011111 0000000000000000001001110 1111111111111111100101110 1111111111111111111100101 1111111111111111110101110 
0000000000000000010010110 0000000000000000001100011 0000000000000000010111110 0000000000000000010111101 1111111111111111111010010 0000000000000000010111111 0000000000000000101111010 0000000000000000010000111 0000000000000000001001010 0000000000000000011100111 1111111111111111101110001 0000000000000000001100001 0000000000000000001111101 1111111111111111110000110 0000000000000000001100000 0000000000000000000011000 
0000000000000000000001111 0000000000000000010011001 1111111111111111111011101 0000000000000000001101101 0000000000000000010111110 0000000000000000001110111 1111111111111111111101110 1111111111111111111100001 0000000000000000000110011 0000000000000000001100000 0000000000000000000000100 0000000000000000001000100 1111111111111111111011011 0000000000000000001001000 0000000000000000000000011 1111111111111111111001100 

0000000000000000000010011 1111111111111111111110001 0000000000000000000000111 0000000000000000000001111 0000000000000000000010110 1111111111111111111000100 1111111111111111111100100 0000000000000000001011010 1111111111111111111000111 0000000000000000001010011 0000000000000000000000101 0000000000000000001100001 1111111111111111111111001 1111111111111111110010011 0000000000000000000111000 1111111111111111111100110 
0000000000000000001001100 1111111111111111110010010 0000000000000000001010100 1111111111111111111110010 0000000000000000011111100 0000000000000000000110101 0000000000000000011101111 0000000000000000010101101 1111111111111111110100111 0000000000000000011000110 1111111111111111110100001 0000000000000000011001101 1111111111111111111100000 1111111111111111111100000 0000000000000000011110111 0000000000000000000101011 
0000000000000000001001111 1111111111111111111101010 0000000000000000010101000 0000000000000000100011010 0000000000000000011100100 0000000000000000010110011 0000000000000000101001100 0000000000000000000100110 0000000000000000000011000 1111111111111111111000000 1111111111111111111011110 0000000000000000100011000 1111111111111111110001011 0000000000000000100010011 0000000000000000000100001 0000000000000000000111101 
1111111111111111111010001 0000000000000000000001110 0000000000000000011011110 0000000000000000001110011 0000000000000000010100111 0000000000000000001010011 0000000000000000001101011 0000000000000000010000010 0000000000000000010001000 0000000000000000000110010 0000000000000000010001010 0000000000000000010001111 0000000000000000001100011 0000000000000000010010011 0000000000000000010000000 0000000000000000000100110 
1111111111111111111111110 1111111111111111110100100 0000000000000000010100100 0000000000000000001100010 0000000000000000001011000 0000000000000000000011011 0000000000000000010101111 0000000000000000100001011 0000000000000000001001111 0000000000000000000111010 0000000000000000001100111 0000000000000000010001100 0000000000000000000110011 0000000000000000011010001 0000000000000000001110011 0000000000000000010100010 
0000000000000000000011000 0000000000000000001000111 0000000000000000001010011 0000000000000000010101011 1111111111111111101100101 0000000000000000011010001 0000000000000000000100000 0000000000000000010101010 0000000000000000010101101 0000000000000000011100001 0000000000000000001101110 1111111111111111111101101 0000000000000000010000011 0000000000000000000001011 0000000000000000000011001 0000000000000000001101001 
1111111111111111111111010 0000000000000000000110000 0000000000000000001010111 0000000000000000010010110 0000000000000000001011111 0000000000000000010101001 0000000000000000000011001 0000000000000000010011001 0000000000000000010111111 0000000000000000000100111 0000000000000000000001010 0000000000000000010101111 0000000000000000011111100 0000000000000000000111011 0000000000000000001011001 0000000000000000001010110 
0000000000000000001101010 1111111111111111111111110 0000000000000000001101100 0000000000000000011010110 0000000000000000001000110 0000000000000000010001011 0000000000000000001101000 0000000000000000000111000 0000000000000000000001001 0000000000000000010010110 0000000000000000011010100 0000000000000000011000011 0000000000000000010101111 0000000000000000001011001 1111111111111111110001011 0000000000000000010100101 
0000000000000000001011111 0000000000000000000111110 0000000000000000010000011 0000000000000000000110100 0000000000000000000111100 1111111111111111111110010 0000000000000000001001101 1111111111111111111101001 0000000000000000010001010 0000000000000000011011101 0000000000000000011011111 0000000000000000010111001 1111111111111111110011101 0000000000000000001111001 1111111111111111110110111 0000000000000000010110011 
0000000000000000000001111 0000000000000000000011001 0000000000000000010011010 0000000000000000001001100 0000000000000000100011011 1111111111111111110101101 0000000000000000001001011 0000000000000000001001100 0000000000000000001111011 0000000000000000010010000 0000000000000000000100100 0000000000000000100000100 0000000000000000001010110 0000000000000000011100101 0000000000000000010110011 0000000000000000000001011 
0000000000000000000011111 0000000000000000010010010 0000000000000000100001111 0000000000000000010100101 0000000000000000100010010 0000000000000000001100011 0000000000000000001100010 0000000000000000000100110 0000000000000000001010101 0000000000000000000100100 0000000000000000001001011 0000000000000000101001000 0000000000000000000011010 0000000000000000010100000 0000000000000000000101100 0000000000000000001011001 
0000000000000000010010101 0000000000000000010010010 0000000000000000011000001 0000000000000000001011011 0000000000000000001100100 1111111111111111110010100 0000000000000000001011110 0000000000000000001110000 0000000000000000000010001 0000000000000000000110110 1111111111111111101010110 0000000000000000011010001 0000000000000000000100100 0000000000000000000111011 0000000000000000010001011 0000000000000000000000001 
0000000000000000001110010 1111111111111111111111111 0000000000000000010101011 0000000000000000000010000 0000000000000000000100001 0000000000000000000110110 0000000000000000100100111 0000000000000000010001111 1111111111111111111001110 0000000000000000001110111 1111111111111111111001011 0000000000000000100111101 0000000000000000010000011 0000000000000000000110010 0000000000000000010000010 1111111111111111110100101 
0000000000000000001110011 0000000000000000000001110 0000000000000000001011001 0000000000000000010000110 0000000000000000011000011 0000000000000000100011110 0000000000000000001100010 0000000000000000001111111 0000000000000000100000110 0000000000000000010101001 0000000000000000000010100 0000000000000000011111100 0000000000000000000111011 0000000000000000001001110 0000000000000000010010111 1111111111111111110010101 
1111111111111111111111000 0000000000000000001110111 0000000000000000001100101 0000000000000000001110111 0000000000000000001011101 0000000000000000000111101 0000000000000000010101110 0000000000000000000110011 0000000000000000001111010 0000000000000000001100000 0000000000000000000000100 0000000000000000011010101 0000000000000000000110010 1111111111111111111001000 1111111111111111111111101 1111111111111111111010010 
0000000000000000000100110 0000000000000000000001011 0000000000000000000010001 0000000000000000000011100 1111111111111111111111111 0000000000000000000010101 1111111111111111110101011 1111111111111111111001110 0000000000000000001000011 0000000000000000001001000 0000000000000000001010110 0000000000000000000011101 1111111111111111110111111 1111111111111111111100110 1111111111111111111011101 0000000000000000000001011 

